((("x" .
   [1])
  ("kbd" .
   [1 0 0])
  ("*top-map*" .
   [0 0 0 0 1 0 0 0 0])
  ("define-key" .
   [1 0 0 0 0 0 0 0 0 0])
  ("iterate" .
   [1 0 0 0 0 0 0])
  ("use-package" .
   [1 0 0 0 0 0 0 0 0 0 0])
  ("defun" .
   [1 0 0 0 0])
  ("asdf" .
   [1 0 0 0])
  ("ql:quickload" .
   [2 0 0 0 0 0 0 0 0 0 0 0])
  (":crawler" .
   [1 0 0 0 0 0 0 0])
  ("HTTP-REQUEST" .
   [0 0 0 0 0 1 0 0 0 0 0 0])
  (":drakma" .
   [1 0 0 0 0 0 0])
  ("drakma:http-request" .
   [0 0 0 0 0 0 0 0 0 0 0 1 0 0 0 0 0 0 0])
  ("apr" .
   [1 0 0])
  ("drakma" .
   [3 0 0 0 0 0])
  ("i" .
   [1])
  ("request" .
   [1 0 0 0 0 0 0])
  ("seed_link" .
   [1 0 0 0 0 0 0 0 0])
  ("collect_link" .
   [1 0 0 0 0 0 0 0 0 0 0 0])
  ("doc" .
   [1 0 0])
  ("read" .
   [1 0 0 0])
  ("link" .
   [2 0 0 0])
  ("urllib" .
   [0 0 0 1 0 0])
  ("Montage" .
   [1 0 0 0 0 0 0])
  ("json" .
   [1 0 0 0])
  ("run-shell-command" .
   [3 0 0 0 0 0 0 0 0 0 0 0 0 0 0 0 0])
  ("endwin" .
   [1 0 0 0 0 0])
  ("\347\225\263\343\201\277\350\276\274\343\201\277\343\203\213\343\203\245\343\203\274\343\203\251\343\203\253\343\203\215\343\203\203\343\203\210\343\203\257\343\203\274\343\202\257" .
   [0 0 0 0 2 0 0 0 0 0 0 0 0 0 0])
  ("\344\273\212\345\276\214\343\201\256\350\252\262\351\241\214" .
   [1 0 0 0 0])
  ("err" .
   [2 0 0])
  ("read_error" .
   [2 0 0 0 0 0 0 0 0 0])
  ("err_vhc" .
   [1 0 0 0 0 0 0])
  ("err_base" .
   [2 0 0 0 0 0 0 0])
  ("errs_vhc_bn" .
   [1 0 0 0 0 0 0 0 0 0 0])
  ("index" .
   [1 0 0 0 0])
  ("BeautifulSoup" .
   [0 0 0 0 1 0 3 0 0 0 0 0 0])
  ("cont" .
   [1 0 0 0])
  ("Monad" .
   [0 0 0 0 1])
  ("import" .
   [0 0 0 1 0 2])
  ("nil" .
   [2 0 0])
  ("return" .
   [1 0 0 0 0 0])
  ("np" .
   [1 0])))
